hb01   -2258208.1915    5020578.9330    3210256.4116
hb03   -2283126.9944    4999482.5940    3225410.3447
hb05   -2321344.8562    4996219.2179    3203306.6871
hb06   -2286892.8807    5047999.8255    3146823.4106
hb08   -2242645.1658    5079644.7731    3128026.5571
hb11   -2135633.8049    5077403.6405    3204797.6826
hb13   -1998911.0344    5101512.2336    3254280.1326
hb14   -1908562.5018    5152312.8879    3230391.9001
hb18   -1985820.2589    5147893.0099    3189228.2117
hb21   -2340715.4721    4955542.1831    3251729.8675
hb22   -2274728.4759    4961349.2249    3289240.1211
hb23   -2199958.6264    4974380.1869    3320125.0824
hb33   -1941494.0027    5100433.4937    3291643.4989
hb35   -1893232.4471    5123993.4862    3282257.2529
hba1   -2258208.1924    5020578.9333    3210256.4120
hba2   -2258760.0011    4997002.3122    3246224.4703
hba5   -2321344.8225    4996219.2250    3203306.6924
hba6   -2286892.8798    5047999.8235    3146823.4102
hba7   -2361581.5030    5016695.7159    3141749.2587
hba9   -2175493.2794    5100538.9822    3141031.1411
hbb2   -2076502.6394    5099978.8344    3207800.3353
hbb5   -1870890.1008    5170010.5798    3223786.5737
hbb6   -1785789.3895    5216425.0510    3197681.3290
hbb7   -1838627.9721    5219809.6431    3161271.8787
hbb9   -1911314.0012    5190308.1217    3167906.6137
hbc0   -2376416.8791    4972829.1379    3199365.6497
hbc4   -2112926.5543    5004894.8688    3330775.0722
hbc5   -2043149.4676    5031510.6938    3334030.1752
hbc7   -1867745.3152    5068034.9174    3381343.3008
hbc8   -1922988.0496    5007218.6734    3439903.6179
hbc9   -2209121.8353    4998665.4176    3277474.4987
hbd0   -2134330.1343    5040644.2299    3262960.0961
hbd1   -2053785.3681    5062553.3505    3280704.2417
hbd4   -2071296.9564    5132660.2979    3158980.8596
hbd6   -2055532.3239    4998296.2783    3375862.0109
hbd8   -1841041.9935    5191930.1191    3205128.2946
hbd9   -2165129.8441    4982971.9329    3329984.8954
hbe0   -2244414.9472    5055962.9580    3164392.3385
hbe1   -2346465.6413    4940965.1078    3269682.8618
hbe2   -2096923.7053    5090961.5870    3208831.0170
hbe3   -2018370.2747    5121353.2220    3210855.6753
hbe4   -1889373.1613    5031074.5351    3423779.7897
hbe5   -2162764.9595    5041431.2274    3242919.6760
hbe6   -1963083.7339    5119552.6227    3247674.0792
hbe7   -2120462.7414    5111512.1160    3160663.4152
hbe8   -1921461.6347    5037722.9141    3396458.0865
hbe9   -2158204.8944    5008577.0117    3296140.6125
hbf0   -2073785.9517    5081033.5861    3239318.0532
hbf1   -2013375.8065    5023248.7149    3364338.0156
hbf2   -2105873.1516    4984534.6665    3365347.6013
hbf3   -2032519.1350    5137708.8665    3175907.6364
hbf4   -2191510.9876    5071492.9949    3176491.4337
hbf5   -1911595.0299    5064543.7042    3362545.4962
hbf6   -2101062.2102    5033171.3141    3295556.5427
hbf7   -2308945.8346    5023431.4592    3169776.4417
hbf8   -2392322.6472    4986914.0708    3165624.8400
hbf9   -2348721.2933    5002552.1828    3173568.1379
hbg0   -2102391.2626    5059876.9880    3253814.2960
hbg1   -2029999.7594    5089898.2219    3253020.9166
hbg2   -1955614.0979    5001235.5383    3430580.9156
hbg3   -2073204.2588    5025237.8735    3324969.5072
hbg4   -2303587.6903    4972906.9674    3251679.6668
hbg5   -2188882.1742    5021274.6691    3256532.5437
hbg6   -1823863.6001    5078723.2043    3389484.7948
hbg7   -2315165.7274    5040547.9460    3138142.4537
hbg8   -2382074.5137    4938865.4018    3247274.5560
hbg9   -2234583.4038    4991224.5696    3271614.8180
hbh0   -2100047.3514    5033599.8069    3295562.8634
hbh1   -1909538.3474    4995568.7740    3464382.7646
hbh2   -1994541.6099    5047392.0659    3339763.2820
hbh3   -2010054.2135    5072549.8124    3292328.8993
hbh4   -2227185.3855    5014243.3831    3241457.2679
