AB07       55.349272     -160.476757       89.480482
AB09       65.614979     -168.062126      162.085441
AB51       56.797621     -132.913565       76.028514
ABMF       16.262307      -61.527535      -25.566861
ABPO      -19.018304       47.229214     1552.966009
AC67       57.790717     -152.425437      347.342619
ACP1        9.371393      -79.949858       12.796582
ACRG        5.641470       -0.207111       84.480591
ADKS       29.790969      -95.586411        2.743449
ADRI       41.918990      -84.024282      205.936449
AGGO      -34.873707      -58.139857       39.684012
AIRA       31.824059      130.599597      314.658343
AJAC       41.927460        8.762619       98.758996
ALBH       48.389780     -123.487472       31.769616
ALBY      -34.950220      117.810192       36.635957
ALGO       45.955801      -78.071372      200.963768
ALIC      -23.670109      133.885522      603.239604
AMC4       38.803124     -104.524597     1911.369666
ANMG        2.784648      101.506604       14.878474
ANTC      -37.338698      -71.532064      745.595385
AREG      -16.465422      -71.492904     2489.354684
AREQ      -16.465515      -71.492796     2488.930957
ARHT      -77.829437      166.663654      135.334227
ARTU       56.429822       58.560464      247.583040
ARUC       40.285715       44.085589     1222.171193
ASCG       -7.916280      -14.332665       37.962243
ASPA      -14.326090     -170.722443       53.446787
ATW2       61.597753     -149.132297       97.135641
AUCK      -36.602837      174.834387      132.686963
AUTF      -54.839523      -68.303565       71.910617
AV09       53.875632     -166.541838      105.727158
AZGB       33.395358     -110.771456     1097.801219
AZRY       33.540074     -116.629702     1265.687581
AZU1       34.126020     -117.896492      144.741711
BADG       51.769704      102.234990      811.417340
BAIE       49.186827      -68.263332       27.552500
BAKE       64.317819      -96.002351        4.636713
BAKO       -6.491056      106.848914      158.110775
BAMF       48.835328     -125.135106       10.808318
BAR1       33.480454     -119.029742       14.786529
BAYR       43.446230      -83.891735      148.852133
BBRY       34.264279     -116.884245     2051.061550
BELE       -1.408793      -48.462550        9.061383
BIK0       42.854194       74.533185      744.879119
BILL       33.578245     -117.064605      470.041831
BJFS       39.608600      115.892491       87.467931
BLUF      -46.585058      168.292079      124.637022
BNDY      -24.908215      152.321009       80.006209
BNOA       -8.746500      115.209920       39.013901
BOAV        2.845185      -60.701116       69.499376
BOGI       52.474994       21.035220      139.912589
BOGO       52.475950       21.035349      149.621832
BOGT        4.640075      -74.080940     2576.205261
BOR1       52.276959       17.073461      124.360460
BRAZ      -15.947473      -47.877870     1106.020168
BREW       48.131522     -119.682637      238.602299
BRMG       47.907739        7.632879      261.600069
BRO1      -18.003967      122.209091       42.233609
BRST       48.380496       -4.496591       65.811533
BRUX       50.798065        4.358567      158.136452
BSHM       32.778988       35.022988      225.059436
BSMK       46.821125     -100.816694      551.203232
BUCU       44.463947       26.125746      143.233822
BULA      -22.913534      139.903064      200.568466
BZR2       46.495793       11.338244      331.215356
CABL       42.836099     -124.563347       37.842736
CAGS       45.585021      -75.807331      234.999781
CANT       43.471983       -3.798060       99.253413
CAS1      -66.283361      110.519707       22.494010
CCJ2       27.067533      142.195024      104.208781
CEBR       40.453431       -4.367850      775.800061
CEDU      -31.866657      133.809835      144.727737
CHAC      -27.420438      -58.959693       77.964964
CHAN       43.790685      125.444205      273.261036
CHIL       34.333424     -118.026004     1567.517909
CHIN       24.550480      -81.807129      -15.171343
CHIZ       46.133465       -0.407696      113.203823
CHOF       35.674544      139.531063       94.028215
CHPG      -22.682272      -45.002376      566.270390
CHPI      -22.687144      -44.985159      617.431313
CHTI      -43.735470     -176.617122       75.668878
CHUM       42.998502       74.751104      716.338167
CHUR       58.759077      -94.088733      -19.167453
CIBG       -6.490366      106.849176      169.135133
CIT1       34.136710     -118.127291      215.365465
CKIS      -21.201022     -159.800620       18.399916
CKSV       22.998851      120.220011       59.646786
CLAR       34.109930     -117.708815      373.701265
CLGO       64.873771     -147.860490      196.108749
CMBL      -41.749016      174.213818      257.297854
CMP9       34.353181     -118.411430     1138.008086
CMUM       18.760877       98.932382      308.975329
CN12       18.004482      -76.749051      169.915078
CN40       12.180045      -68.958013       33.308821
CNCL      -43.666235      169.855851     1222.348150
CNMR       15.229699      145.743090       64.380166
COEC        0.716068      -77.786985     3656.920650
CORD      -31.528433      -64.470049      746.842516
COSO       35.982343     -117.808893     1455.108447
COTE      -77.805904      161.997813     1878.372877
CPNM       10.724650       99.374379        9.149516
CPVG       16.732063      -22.934931       94.065647
CRAR      -77.848045      166.668250      -19.880710
CRFP       34.039053     -117.099687      688.814061
CRO1       17.756900      -64.584318      -31.978407
CUCU        7.898460      -72.487939      311.158305
CUSV       13.735914      100.533924       74.245216
CUT0      -32.003884      115.894803       23.978791
CUUT       13.735991      100.533936       74.301266
CZTG      -46.431896       51.855483      202.802255
DAE2       36.399427      127.374485      116.854663
DAEJ       36.399427      127.374485      116.852569
DARW      -12.843696      131.132745      125.108072
DAV1      -68.577324       77.972612       44.390839
DEAR      -30.665205       23.992641     1321.715742
DGAR       -7.269680       72.370246      -64.938643
DHLG       33.389806     -115.788032      -83.043002
DJIG       11.526289       42.847067      711.388566
DLF1       51.986021        4.387465       75.820478
DNVK      -40.298852      176.166654      457.597022
DRAG       31.593204       35.392074       31.862554
DRAO       49.322617     -119.624985      541.888508
DUBO       50.258808      -95.866185      245.291393
DUMG      -66.665185      140.002188       -1.641665
DUND      -45.883660      170.597161      386.921007
DVAO        7.071865      125.612868       99.940210
DYNG       38.078552       23.932435      510.574230
EBRE       40.820891        0.492366      107.784992
ECSD       43.733699      -96.614010      444.346965
ELAT       29.509282       34.920604       29.541537
ENAO       39.091203      -28.026011       91.546301
ESBH       55.460274        8.439776       50.092543
ESCU       47.073405      -64.798714      -16.013867
ESMR        0.934650      -79.724372      251.687436
EYAC       60.548705     -145.749865      146.057263
FAA1      -17.555309     -149.614309       12.023179
FAIR       64.977996     -147.499242      319.025209
FALK      -51.693651      -57.874067       50.822656
FARB       37.697212     -123.000774      -21.758370
FFMJ       50.090580        8.664971      178.215655
FLIN       54.725583     -101.978039      311.577139
FLM5      -77.532731      160.271414     1869.710655
FLRS       39.453838      -31.126390       80.200177
FRDN       45.933508      -66.659884       94.850707
FTNA      -14.307800     -178.120951       84.849750
FUNC       32.647951      -16.907613       78.420010
GAMB      -23.130352     -134.964830       80.647247
GAMG       35.590070      127.919662      927.955586
GANP       49.034716       20.322940      746.035065
GCGO       64.978057     -147.499432      319.361754
GENO       44.419390        8.921147      155.518646
GISB      -38.635333      177.886035       87.166884
GLPS       -0.742998      -90.303665        1.770988
GLSV       50.364185       30.496738      226.322859
GODE       39.021728      -76.826833       14.484560
GODN       39.021179      -76.827095       17.846033
GODS       39.020518      -76.827324       19.064788
GODZ       39.021728      -76.826833       14.483798
GOL2       35.425155     -116.889253      986.645918
GOLD       35.425155     -116.889253      986.647532
GOP6       49.913672       14.785611      592.600576
GOP7       49.913672       14.785611      592.603405
GOPE       49.913707       14.785627      592.608897
GRAC       43.754492        6.920771     1319.860185
GRAS       43.754740        6.920577     1319.308693
GRAZ       47.067132       15.493485      538.292471
GUAM       13.589330      144.868360      201.915858
GUAT       14.590404      -90.520182     1519.845387
GUAX       28.884062     -118.289690       40.463100
GUUG       13.433209      144.802712      134.726807
HAAS      -44.073198      168.785549     1053.553386
HAL1       20.707418     -156.256245     3072.856686
HAMM       30.513075      -90.467628        5.891643
HARB      -25.886960       27.707248     1558.084813
HELG       54.174484        7.893096       48.400865
HERS       50.867316        0.336275       76.469591
HERT       50.867482        0.334357       83.330970
HKSL       22.372003      113.927989       95.270375
HKWS       22.434280      114.335385       63.764004
HLFX       44.683551      -63.611283        3.094468
HNLC       21.303293     -157.864556       21.964479
HNPT       38.588817      -76.130376      -28.001851
HNUS      -34.424628       19.223064       63.044186
HOB2      -42.804704      147.438737       41.036879
HOBU       53.050635       10.476307      152.239481
HOFN       64.267294      -15.197916       82.904176
HOKI      -42.712899      170.984315       53.668488
HOLB       50.640352     -128.135000      559.633745
HRAG      -25.890401       27.685182     1407.192335
HUEG       47.833950        7.596171      278.306227
HYDE       17.417263       78.550876      441.686072
IBEC        0.350158      -78.115687     2246.192267
IDDR       43.746116     -111.110273     1863.932749
IENG       45.015135        7.639409      316.640841
IISC       13.021171       77.570382      843.674491
IMBT      -28.234837      -48.655722       31.369153
INEG       21.856153     -102.284205     1887.287060
INVK       68.306183     -133.526966       46.344810
IPAZ       24.145274     -110.330750      -14.844289
IQAL       63.755965      -68.510502       91.744117
IQQE      -20.273539      -70.131717       38.977075
IRKJ       52.219020      104.316188      502.047163
IRKM       52.219023      104.316247      502.350579
ISBA       33.341418       44.438406       72.367753
ISHI       36.208831      140.218956      155.891314
ISTA       41.104449       29.019345      147.248066
IZMI       38.394808       27.081823       74.947934
JCTW      -33.951432       18.468553       83.604057
JFNG       30.515565      114.491022       71.307456
JOG2       -7.763814      110.372464      174.256321
JOZ2       52.097838       21.032356      152.515630
JOZE       52.097277       21.031544      141.422579
JPLM       34.204822     -118.173233      423.982239
KABR       33.022819       35.145062      103.414726
KARA      -43.608381      169.775160     1403.292115
KARR      -20.981422      117.097197      109.138467
KAT1      -14.375995      132.153277      184.294891
KATZ       32.995250       35.688288      346.995026
KBRC       34.398529     -119.008203      370.481102
KEPA      -54.295244      -36.514290      346.239115
KERG      -49.351467       70.255523       73.014375
KIR0       67.877578       21.060247      498.167870
KIR8       67.877547       21.060190      498.191512
KIRI        1.354587      172.922886       36.163148
KIRU       67.857354       20.968454      391.081967
KIT3       39.134768       66.885451      622.483489
KITG       39.133387       66.886740      620.634946
KMNM       24.463822      118.388581       49.130245
KMOR       81.252715      -63.527411      203.353268
KOKB       22.126268     -159.664938     1167.361600
KOKV       22.126268     -159.664938     1167.360322
KOS1       52.173361        5.818233      104.797014
KOUC      -20.558686      164.287340       84.131960
KOUG        5.098472      -52.639751      107.230610
KOUR        5.252183      -52.805960      -25.774736
KRGG      -49.351544       70.255506       72.981098
KRS1       40.588454       43.093449     1811.777008
KRTV       50.713951       78.619070      126.176386
KSNB       66.863282      -35.576319     1721.017377
KSU1       39.100750      -96.609483      325.570622
KUJ2       55.290008      -77.735273        8.679694
LAE1       -6.673700      146.993192      140.209702
LAMA       53.892402       20.669947      187.027392
LAMP       35.499777       12.605660       57.782701
LAUT      -17.608809      177.446583       89.661268
LBCH       33.787772     -118.203349      -27.570631
LCK3       26.912181       80.955638       64.155023
LCK4       26.912145       80.955619       64.171192
LEFN       80.456684      -26.293466      692.138416
LEIJ       51.353983       12.374103      178.396039
LEPA        9.945374      -85.031194       20.925329
LEXA      -45.231011      169.308241      331.841345
LHAZ       29.657334       91.104033     3624.611105
LICC       51.499789       -0.174838       88.482151
LKHU       29.913460      -95.145757       -8.527457
LKTA      -42.783365      172.266329      712.963280
LMMF       14.594818      -60.996175      -27.127063
LORD      -31.519879      159.061203       71.388169
LPAL       28.763874      -17.893826     2199.189622
LPGS      -34.906744      -57.932300       29.871384
LROC       46.158945       -1.219313       57.856155
LYNS       64.430482      -40.198056      174.101679
M0SE       41.893116       12.493263      120.572825
MAC1      -54.499526      158.935829       -6.821303
MAD2       40.429164       -4.249655      829.439520
MADR       40.429164       -4.249655      829.436128
MAG0       59.575751      150.770024      361.852206
MAJU        7.119152      171.364513       33.689210
MAL2       -2.996053       40.194147      -20.919225
MANA       12.148940      -86.248993       71.002724
MAO0       20.706619     -156.256977     3060.922698
MAR6       60.595146       17.258532       75.572373
MAR7       60.595057       17.258450       74.455352
MARS       43.278772        5.353791       61.770794
MAS1       27.763744      -15.633273      197.126061
MAT1       40.649065       16.704551      534.531591
MATE       40.649135       16.704464      535.661318
MATG       40.649023       16.704649      535.722684
MAUI       20.706660     -156.257034     3062.091237
MAW1      -67.604767       62.870714       59.119699
MAYG      -12.782052       45.258156      -16.567145
MBAR       -0.601467       30.737880     1337.530826
MCHL      -26.358901      148.144962      534.592628
MCIL       24.290098      153.978649       35.661361
MCM4      -77.838351      166.669335       97.965216
MCON       39.660850      -81.829209      271.420228
MDO1       30.680510     -104.014995     2004.475688
MDVJ       56.021494       37.214510      257.118409
MEDI       44.519960       11.646819       49.997054
MELI       35.281191       -2.951649       88.809022
MERS       36.566391       34.255855       38.475895
MET3       60.217457       24.394503       79.215973
METG       60.241968       24.384178       59.706236
METR       42.684753      -83.242774      260.479025
METS       60.217474       24.395326       94.671722
MFKG      -25.805014       25.539974     1310.903318
MGUE      -35.777350      -69.397929     1553.727491
MIKL       46.972786       31.972846       93.929630
MIZU       39.135152      141.132870      117.095344
MKEA       19.801359     -155.456350     3754.646584
MOBJ       55.114884       36.569719      182.650302
MOBK       55.114884       36.569719      182.650036
MOBN       55.114881       36.569531      182.673735
MOBS      -37.829402      144.975342       40.570570
MONP       32.891942     -116.422355     1842.546099
MORP       55.212793       -1.685492      144.450844
MPL2      -38.005766      -57.571298       53.572845
MQZG      -43.702730      172.654694      154.628298
MRC1       38.499100      -77.370650       27.207630
MRO1      -26.696634      116.637495      354.057951
MTJO      -43.985700      170.464935     1043.657749
MTKA       35.679515      139.561391      109.086418
NANO       49.294809     -124.086481        6.604987
NAS0       25.052540      -77.462258      -21.250623
NCKU       22.996658      120.222587       98.282685
NEIA      -25.020237      -47.924969        6.069562
NEWL       50.103032       -5.542781       62.343466
NICO       35.140989       33.396449      190.020838
NIST       39.995066     -105.262607     1648.338810
NKLG        0.353909        9.672128       31.495362
NLIB       41.771591      -91.574898      206.979958
NNOR      -31.048727      116.192725      234.797905
NNVN       61.631877      -44.901069     2134.650182
NORF      -29.043341      167.938834      158.995616
NOT1       36.875847       14.989791      126.327087
NOVM       55.030501       82.909494      150.063902
NPLY      -39.182549      174.118174      416.919448
NPRI       41.509848      -71.327540      -13.110895
NRC1       45.454163      -75.623831       82.541299
NRIL       69.361833       88.359790       47.949246
NRMD      -22.228320      166.484888      160.324610
NRMG      -22.228320      166.484888      160.327776
NTUS        1.345801      103.679961       75.384315
NVSK       54.840611       83.235451      123.070720
NYA1       78.929557       11.865317       84.388901
NYA2       78.930333       11.858640       81.518833
NYAL       78.929587       11.865094       78.668088
OBE4       48.084806       11.277859      650.494956
OHI2      -63.321080      -57.901328       32.493635
OHI3      -63.321091      -57.901381       32.634041
ONS1       57.395336       11.924546       44.516484
ONSA       57.395301       11.925522       45.622874
OP71       48.835906        2.334976      124.583938
OPMT       48.835922        2.334943      122.586540
ORID       41.127313       20.794055      773.012592
OUS2      -45.869470      170.510926       26.078196
OWMG      -44.024292     -176.368806       21.608014
P009       38.479929     -112.222717     1761.512491
P043       43.881145     -104.185706     1490.927911
P049       47.349963     -110.906235     1186.049301
P777       35.702660      -92.545474      335.367482
P804       32.963288      -84.225756      216.372909
PADO       45.411156       11.896066       64.676287
PALM      -64.775089      -64.051118       31.141274
PAPE      -17.533079     -149.572730       11.922469
PARC      -53.136953      -70.879881       22.274143
PARK      -32.998759      148.264614      397.364459
PARL       40.196183      -75.059913       75.268275
PERT      -31.801957      115.885258       12.661163
PETS       53.023300      158.650132      101.992198
PGC5       48.648532     -123.451130        3.582573
PICL       51.479808      -90.161978      315.209204
PIE1       34.301505     -108.118929     2347.721603
PIMO       14.635721      121.077727       95.546458
PNGM       -2.043227      147.366002      116.319471
POAL      -30.074040      -51.119765       76.740916
POHN        6.959948      158.210105       90.668066
POL2       42.679771       74.694271     1714.211377
POLV       49.602616       34.542936      178.349948
POTS       52.379300       13.066096      144.430991
POVE       -8.709334      -63.896320      119.591951
PRDS       50.871350     -114.293500     1247.956406
PTAG       14.535442      121.040764       86.653132
PTBB       52.296192       10.459751      130.245061
PTGG       14.535403      121.041264       84.891889
PTLD      -38.344390      141.613475        0.851747
PTVL      -17.749432      168.315019       86.475004
PYGR      -46.166170      166.680728      253.238007
QAQ1       60.715265      -46.047768      110.498389
QUEM       -0.237050      -78.497350     3054.649275
QUIN       39.974554     -120.944432     1105.772373
RAEG       36.985676      -25.126365      302.900829
RAMO       30.597608       34.763143      886.845457
RAUL      -29.244664     -177.928946       92.188724
RBAY      -28.795544       32.078387       31.747322
RDSD       18.461398      -69.911323       -9.201093
REDM       44.259766     -121.147884      919.815127
REDU       50.001504        5.144887      369.898058
REUN      -21.208224       55.571723     1558.349810
REYK       64.138787      -21.955490       93.011763
RGDG      -53.785838      -67.751527       32.378048
RIGA       56.948622       24.058779       34.736614
RIO2      -53.785470      -67.751117       32.023818
RIOP       -1.650594      -78.651107     2817.159922
ROAG       36.463352       -6.206274       83.204882
ROB4      -77.034440      163.190114      -41.614229
ROTG       48.718439       -3.965723       56.098320
SA45      -32.470285      137.934332      201.869782
SALU       -2.593457      -44.212480       18.976913
SAMO      -13.849205     -171.738430       76.737540
SANT      -33.150287      -70.668555      723.127652
SASK       52.196254     -106.398358      578.883582
SAVO      -12.939244      -38.432255       76.312227
SBOK      -29.669323       17.879214     1043.082323
SCH2       54.832091      -66.832621      498.429375
SCOA       43.395237       -1.681675       59.448824
SCOR       70.485337      -21.950341      128.552862
SCRZ      -17.796790      -63.159674      442.054634
SCTB      -77.848987      166.758025      -18.980311
SCUB       20.012064      -75.762317       20.902715
SEAT       47.653976     -122.309478       44.191600
SEJN       36.522212      127.303196      181.209219
SELD       59.445706     -151.706673       20.482865
SEY2       -4.673651       55.479455      538.787305
SEYG       -4.678731       55.530633      -37.620006
SFDM       34.459807     -118.754512      291.525181
SFER       36.464348       -6.205643       84.190762
SGOC        6.892078       79.874181      -78.504168
SGPO       36.604184      -97.484822      290.165857
SHE2       46.220692      -64.552013      -15.293640
SIN1        1.342981      103.679441       92.369065
SJDV       45.879087        4.676580      432.405781
SMST       33.577855      135.936954       97.512373
SNLR        1.292517      -78.847005       23.063621
SOD3       67.420788       26.389289      300.893170
SOFI       42.556096       23.394737     1119.527747
SOLO       -9.434911      159.954344      122.926576
SPED       18.461016      -69.305573      -22.133920
SPT0       57.714961       12.891354      220.026848
SPTU      -21.929115      -50.492370      508.786450
SQUO       23.584894       58.176281       24.704137
SRMP       72.910679      -54.393712      370.562176
SSIA       13.697086      -89.116594      626.631396
STAS       59.017714        5.598629      104.938184
STFU       37.426909     -122.173295       20.381233
STHL      -15.942532       -5.667343      453.178746
STJ2       47.595234      -52.678308      152.603585
STJ3       47.595436      -52.678310      154.513323
STJO       47.595242      -52.677753      152.832099
STK2       43.528642      141.844820      118.609654
STPM       46.777825      -56.168247        0.441041
STR1      -35.315525      149.010056      799.918990
STR2      -35.316153      149.010158      802.460540
SULP       49.835591       24.014493      370.527423
SUMK       44.208132       73.997113     1012.149367
SUTB       39.205836     -121.820603      616.556058
SUTH      -32.380208       20.810466     1799.763325
SUTM      -32.381431       20.810914     1797.610724
SUWN       37.275513      127.054247       82.254722
SVTL       60.532864       29.780881       76.723415
SYDN      -33.780871      151.150383       85.573717
SYOG      -69.006957       39.583742       49.990861
TABL       34.381850     -117.678287     2228.030769
TABV       34.381850     -117.678287     2228.033741
TASH       41.328050       69.295572      439.705142
TBOB      -29.450154      142.057426      191.048181
TCMS       24.797985      120.987395       77.241332
TEHN       35.697285       51.334098     1194.577607
TELA       32.067999       34.780901       58.391081
TERS       53.362741        5.219394       56.091977
THIO      -21.608578      166.215374      107.013816
THTG      -17.577057     -149.606444       97.991013
THTI      -17.577057     -149.606459       98.014325
THU2       76.537048      -68.825051       36.223339
TID1      -35.399196      148.980002      665.312676
TIDB      -35.399196      148.980002      665.310905
TIT2       51.035234        6.431581      156.107210
TIXI       71.634472      128.866429       47.083907
TLSE       43.560697        1.480894      207.179331
TLSG       43.549714        1.485044      208.743487
TMGO       40.130934     -105.232714     1672.989664
TN22       35.390484      -85.378056      206.195804
TNML       24.797953      120.987350       75.862195
TONG      -21.144714     -175.179207       56.287515
TOPL      -10.171051      -48.330680      256.551568
TORI       45.063370        7.661286      310.751695
TORP       33.797800     -118.330609       -5.211122
TOW2      -19.269272      147.055693       88.100280
TRDS       63.371386       10.319162      317.812389
TRND       41.053886     -124.150868       78.166340
TRNT       16.764285      -62.163295      -23.331992
TRO1       69.662720       18.939653      138.143333
TSEA       61.187325     -149.894980       43.009604
TSK2       36.105574      140.087128       69.978738
TSKB       36.105678      140.087508       67.280750
TUBI       40.786727       29.450687      220.327454
TUKT       69.438233     -132.994354       -1.552438
TWTF       24.953564      121.164506      201.518085
TXES       32.369698      -96.862778      163.669158
TXLU       33.535419     -101.842835      956.034522
UCAL       51.079975     -114.133852     1118.569031
UCLU       48.925637     -125.541641       10.086571
UFPR      -25.448366      -49.230956      925.799222
ULAB       47.865067      107.052332     1575.552452
ULDI      -28.293115       31.420926      607.940184
UNB3       45.950210      -66.641708       22.751383
UNBJ       45.950210      -66.641708       22.752923
UNBN       45.950210      -66.641708       22.753617
UNIV       42.285620      -84.385923      264.497485
UNPG       43.119394       12.355707      351.098320
UNSA      -24.727455      -65.407643     1257.794523
URAL       56.838272       60.614865      275.616706
URUM       43.807950       87.600673      858.832720
USN7       38.920566      -77.066278       58.925404
USN8       38.920566      -77.066278       58.925008
USN9       38.920566      -77.066278       58.924344
USUD       36.133110      138.362050     1508.671865
UTQI       71.322754     -156.615016       12.072404
VACO       49.133788       13.724183      799.403631
VALD       48.097058      -77.564170      312.925306
VARS       70.336375       31.031203      174.937880
VILL       40.443596       -3.951976      647.343366
VIS0       57.653872       18.367322       79.873497
VNDP       34.556314     -120.616457      -11.522669
VOIM      -21.906300       46.793269     1163.383453
VTSP       43.281466      -72.477572      155.268819
WAB2       46.923750        7.464255      611.216189
WAIM      -44.655699      170.920294     1044.854821
WANG      -39.786873      174.821446      289.674765
WARA      -25.037195      128.296178      587.157930
WARK      -36.434406      174.662781      111.277242
WARN       54.169791       12.101429       50.744964
WEST      -41.744739      171.806224      665.378694
WGTN      -41.323450      174.805888       26.041468
WGTT      -41.290432      174.781590       42.964426
WHC1       33.979887     -118.031175       94.220260
WHIT       60.750510     -135.222116     1427.432691
WIDC       33.934758     -116.391785      445.044969
WILL       52.236866     -122.167815     1095.707731
WIND      -22.574917       17.089435     1734.668095
WROC       51.113263       17.062045      180.806847
WSLB       50.126538     -122.921192      909.544310
WSRT       52.914614        6.604510       82.287314
WTZ3       49.144790       12.878633      663.422657
WTZA       49.144228       12.878908      665.918593
WTZL       49.144230       12.878927      665.931285
WTZR       49.144201       12.878914      666.015128
WTZS       49.144790       12.878633      663.421427
WTZZ       49.144215       12.878909      665.889077
WUH2       30.531679      114.357268       28.157546
WUHN       30.531651      114.357268       25.935844
XMIS      -10.449958      105.688505      261.510120
YAKT       62.030958      129.680309      103.407417
YAR2      -29.046546      115.346983      241.269353
YAR3      -29.046487      115.347158      242.441812
YARR      -29.046581      115.346981      241.345525
YEBE       40.524903       -3.088623      972.758342
YEL2       62.481320     -114.480850      181.063177
YELL       62.480892     -114.480707      181.010176
YKRO        6.870562       -5.240090      270.259623
YSSK       47.029733      142.716723       91.302029
ZAMB      -15.425538       28.311015     1324.915806
ZECK       43.788395       41.565072     1166.304114
ZIM2       46.877096        7.465035      956.440480
ZIM3       46.877096        7.465035      956.440427
ZIMM       46.877100        7.465281      956.348539
ZOUF       46.557223       12.973556     1946.518033
----       89.532886       44.967797 -6356502.797246
----       89.533738       44.986769 -6356503.375941
----      -89.669560       -0.081290 -6356751.519383
----      -89.999918      141.563944 -6356752.189405
----       89.999322     -145.456327 -6356394.983877
----       89.334219       44.869331 -6356396.952654
----       89.343254       44.861750 -6356402.092268
----      -89.997002     -134.220087 -6356750.649476
----      -89.996908     -135.008315 -6356750.474321
----      -89.997504     -162.979949 -6356751.514189
----      -89.997935     -132.204333 -6356751.118828
----      -89.998040     -140.124238 -6356752.312708
